%YAML:1.0
---
camera_matrix: !!opencv-matrix
   rows: 3
   cols: 3
   dt: d
   data: [ 1.1453643599385757e+03, 0., 6.5006255188990281e+02, 0.,
       1.1692743695683473e+03, 3.8473382234280149e+02, 0., 0., 1. ]
dist_coeffs: !!opencv-matrix
   rows: 1
   cols: 5
   dt: d
   data: [ 4.1373807123650297e-01, -1.0333285441094960e+01,
       1.0226117407247971e-02, -1.5427953920337577e-03,
       8.3150791019573447e+01 ]
rms: 1.0095763503759569e+00
reprojection_error: 7.5540862204324696e-02
